0 0
1 0
2 0
3 1
4 0
5 1
6 2
7 3
8 3
9 3
10 0
11 0
12 3
13 3
14 1
15 0
16 1
17 3
18 2
19 1
20 2
21 2
22 3
23 0
24 1
25 3
26 2
27 0
28 2
29 1
30 0
31 2
32 1
33 3
34 1
35 3
36 0
37 3
38 3
39 1
40 2
41 0
42 2
43 0
44 2
45 3
46 2
47 3
48 1
49 1
50 3
51 2
52 3
53 1
54 2
55 1
56 0
57 1
58 0
59 2
60 1
61 2
62 1
63 2
64 0
65 2
66 3
67 2
68 1
69 0
70 3
71 0
72 0
73 2
74 3
75 0
76 1
77 2
78 2
79 3
80 3
81 2
82 3
83 1
84 0
85 0
86 1
87 3
88 3
89 0
90 3
91 1
92 0
93 2
94 0
95 2
96 1
97 1
98 2
99 3
100 1
101 0
102 0
103 1
104 0
105 2
106 2
107 2
108 3
109 2
110 0
111 0
112 2
113 1
114 1
115 1
116 3
117 1
118 0
119 2
120 1
121 3
122 2
123 3
124 1
125 3
126 0
127 3
