0 0
1 0
2 0
3 1
4 0
5 1
6 2
7 3
8 3
9 3
10 0
11 0
12 3
13 3
14 1
15 0
16 1
17 3
18 4
19 1
20 4
21 4
22 3
23 0
24 1
25 3
26 4
27 0
28 4
29 1
30 0
31 4
32 1
33 3
34 1
35 3
36 0
37 3
38 3
39 1
40 4
41 0
42 4
43 0
44 4
45 3
46 1
47 3
48 1
49 1
50 0
51 4
52 3
53 1
54 4
55 1
56 0
57 1
58 0
59 4
60 1
61 4
62 1
63 4
64 0
65 4
66 3
67 2
68 1
69 0
70 3
71 0
72 0
73 4
74 3
75 0
76 1
77 4
78 4
79 3
80 3
81 4
82 0
83 1
84 0
85 0
86 1
87 0
88 1
89 0
90 3
91 1
92 0
93 4
94 0
95 4
96 1
97 1
98 4
99 3
100 1
101 0
102 0
103 1
104 0
105 4
106 4
107 4
108 3
109 4
110 0
111 0
112 4
113 1
114 1
115 1
116 3
117 1
118 0
119 4
120 1
121 3
122 4
123 0
124 1
125 3
126 0
127 3
