0 0
1 1
2 1
3 2
4 1
5 2
6 0
7 3
8 3
9 3
10 1
11 1
12 3
13 3
14 2
15 1
16 3
17 3
18 0
19 2
20 0
21 0
22 3
23 1
24 2
25 3
26 0
27 1
28 0
29 2
30 1
31 0
32 2
33 3
34 1
35 3
36 1
37 3
38 3
39 2
40 0
41 1
42 0
43 3
44 0
45 3
46 1
47 3
48 2
49 2
50 1
51 0
52 2
53 2
54 0
55 2
56 1
57 2
58 3
59 0
60 2
61 0
62 2
63 2
64 1
65 0
66 3
67 0
68 2
69 1
70 3
71 1
72 1
73 0
74 3
75 1
76 2
77 0
78 0
79 3
80 3
81 0
82 1
83 2
84 1
85 1
86 2
87 1
88 2
89 1
90 3
91 2
92 1
93 0
94 1
95 0
96 2
97 2
98 2
99 3
100 2
101 1
102 1
103 2
104 1
105 0
106 0
107 0
108 3
109 0
110 1
111 0
112 0
113 2
114 2
115 1
116 3
117 2
118 1
119 0
120 2
121 3
122 0
123 1
124 2
125 3
126 1
127 1
